8
24
29
36
52
60
63
68
74
88
91
120
127
131
144
160
165
167
174
184
187
194
204
213
217
234
243
253
259
273
277
280
285
288
290
295
298
311
324
326
336
353
363
386
391
400
404
413
436
453
457
460
474
489
505
510
513
517
524
526
531
535
551
553
556
575
580
596
603
607
634
638
651
654
657
666
673
710
716
736
744
747
775
779
791
823
825
829
831
853
861
871
885
887
910
912
918
923
944
947
954
959
968
973
983
986
1006
1019
1022
1047
1050
1056
1083
1093
1103
1112
1118
1131
1145
1149
1158
1162
1167
1176
1183
1211
1220
1247
1251
1262
1265
1299
1304
1307
1319
1324
1328
1330
1335
1342
1373
1390
1394
1396
1400
1413
1416
1422
1433
1481
1491
1498
1501
1509
1516
1518
1522
1530
1536
1550
1553
1562
1572
1575
1579
1584
1587
1602
1605
1615
1626
1631
1634
1647
1654
1658
1669
1679
1702
1718
1733
1740
1748
1762
1772
1779
1782
1786
1794
1801
1806
1818
1837
1841
1843
1847
1850
1875
1880
1904
1917
1923
1939
1964
1968
1975
1994
1997
2018
2021
2032
2039
2050
2056
2062
2072
2084
2086
2094
2110
2113
2116
2124
2127
2130
2132
2135
2152
2155
2162
2165
2169
2175
2179
2187
2190
2194
2209
2219
2229
2246
2256
2265
2269
2275
2279
2282
2295
2320
2324
2338
2342
2346
2354
2358
2360
2372
2396
2404
2416
2430
2441
2444
2459
2472
2479
2481
2489
2494
2505
2509
2517
2528
2540
2543
2548
2551
2569
2575
2579
2586
2597
2600
2607
2614
2628
2635
2644
2649
2656
2665
2672
2691
2697
2703
2707
2715
2728
2737
2746
2749
2754
2758
2760
2766
2769
2774
2786
2807
2810
2818
2826
2829
2835
2853
2855
2871
2875
2878
2886
2894
2927
2930
2933
2938
2973
2981
2989
2995
3007
3017
3060
3064
3067
3071
3078
3082
3085
3088
3090
3096
3118
3124
3140
3144
3148
3157
3166
3172
3178
3194
3197
3208
3217
3224
3229
3235
3239
3247
3251
3259
3270
3286
3288
3293
3295
3298
3307
3310
3314
3319
3324
3331
3334
3349
3366
3370
3372
3394
3403
3419
3428
3436
3457
3463
3477
3485
3489
3494
3507
3510
3520
3542
3545
3547
3550
3553
3566
3582
3584
3595
3600
3612
3620
3624
3627
3634
3639
3668
3684
3697
3724
3734
3737
3741
3747
3788
3799
3806
3811
3815
3868
3871
3874
3882
3890
3896
3899
3905
3910
3915
3926
3928
3940
3948
3952
3956
3959
3983
4001
4007
4024
4027
4046
4049
4053
4056
4062
4068
4077
4083
4087
4114
4127
4132
4138
4143
4148
4157
4170
4176
4182
4188
4195
4202
4205
4215
4224
4230
4254
4265
4284
4289
4296
4299
4303
4306
4328
4335
4338
4350
4363
4365
4381
4391
4399
4407
4415
4424
4443
4450
4461
4469
4475
4495
4500
4507
4521
4530
4544
4551
4566
4569
4577
4584
4589
4592
4605
4612
4615
4652
4656
4658
4665
4670
4691
4704
4708
4713
4719
4723
4726
4733
4745
4748
4751
4755
4760
4766
4778
4786
4792
4796
4805
4811
4825
4829
4833
4842
4860
4864
4869
4877
4886
4904
4909
4915
4924
4928
4940
4944
4951
4957
4959
4963
4966
4980
4994
4999
5010
5020
5045
5048
5052
5056
5070
5079
5086
5106
5109
5118
5122
5125
5133
5146
5153
5161
5168
5175
5182
5185
5196
5205
5209
5215
5236
5254
5256
5261
5264
5270
5275
5290
5293
5306
5339
5342
5345
5353
5364
5368
5375
5382
5388
5391
5411
5420
5435
5472
5478
5485
5487
5491
5494
5500
5512
5516
5530
5537
5548
5551
5554
5560
5566
5574
5582
5602
5605
5609
5615
5629
5642
5653
5657
5665
5673
5676
5683
5699
5702
5707
5709
5716
5719
5722
5726
5729
5733
5735
5739
5744
5749
5757
5766
5788
5797
5804
5808
5811
5818
5826
5837
5844
5858
5870
5878
5884
5890
5901
5916
5925
5932
5939
5942
5950
5957
5967
5984
5995
6001
6004
6013
6020
6022
6028
6037
6046
6062
6082
6094
6107
6110
6122
6129
6136
6140
6150
6159
6181
6185
6195
6199
6208
6222
6225
6238
6240
6245
6255
6262
6267
6272
6280
6298
6303
6340
6347
6366
6370
6393
6399
6414
6420
6433
6452
6456
6464
6472
6475
6478
6482
6485
6487
6491
6497
6504
6515
6517
6525
-263394167
